#REMARK MapPred 1.1
#REMARK estimated Cb-Cb distance information
#REMARK length 191
#REMARK idx_i, idx_j, probabilty sum, distance mean and distance std of bins when excluding last bin
#REMARK sort probabilty sum in descending order
63 49 1.000 5.281 0.701
65 50 1.000 12.734 0.757
62 50 1.000 4.917 0.762
63 48 1.000 7.020 0.827
63 46 1.000 6.360 1.757
65 46 1.000 6.135 1.241
63 50 1.000 8.074 0.639
64 48 1.000 4.754 0.825
64 49 1.000 7.526 0.713
64 46 1.000 7.045 0.845
64 50 1.000 8.442 0.991
62 49 1.000 6.831 0.671
65 49 1.000 10.045 0.824
64 51 1.000 12.866 0.796
62 48 1.000 8.394 0.836
64 44 1.000 10.803 1.109
69 44 1.000 5.871 1.687
65 44 1.000 5.835 1.534
62 46 1.000 10.952 1.128
61 48 0.999 10.693 0.830
61 46 0.999 11.663 1.708
65 48 0.999 8.733 0.997
73 44 0.999 5.739 1.295
63 47 0.999 8.304 0.864
66 46 0.999 7.334 1.592
63 51 0.999 10.565 0.713
65 47 0.999 6.313 1.308
64 45 0.999 10.033 1.007
66 44 0.999 7.511 1.501
63 44 0.999 10.667 1.453
64 52 0.999 12.782 1.296
61 49 0.999 6.179 0.896
66 45 0.999 5.637 1.617
69 46 0.999 9.221 1.798
66 49 0.999 12.946 0.907
69 45 0.999 8.288 2.130
66 47 0.999 6.702 1.530
62 47 0.999 11.436 0.838
63 45 0.999 11.299 1.495
68 44 0.999 8.755 1.868
64 47 0.999 5.523 1.115
65 45 0.999 7.422 1.251
66 48 0.999 9.827 1.114
80 30 0.999 7.011 1.470
68 46 0.999 11.862 1.789
67 46 0.999 10.406 1.619
60 48 0.999 14.267 0.811
70 45 0.999 10.501 2.090
67 44 0.999 7.992 2.468
69 47 0.999 10.580 2.141
73 45 0.999 10.060 1.557
69 43 0.999 8.508 2.340
70 44 0.999 8.240 1.941
61 47 0.998 13.511 1.143
68 45 0.998 10.172 2.120
77 65 0.998 10.280 2.138
80 26 0.998 10.502 1.472
70 46 0.998 10.893 2.214
76 41 0.998 6.287 1.449
73 46 0.998 10.224 1.856
76 44 0.998 7.862 1.858
76 40 0.998 5.263 1.252
73 43 0.998 9.489 1.814
184 171 0.998 6.114 1.707
71 44 0.998 10.256 1.446
76 30 0.998 11.826 1.919
72 44 0.998 7.091 1.954
80 29 0.998 10.646 1.600
67 45 0.998 8.400 2.559
69 41 0.998 10.442 2.019
182 170 0.998 8.738 1.723
73 41 0.998 8.036 1.745
184 167 0.998 6.864 2.008
84 26 0.998 5.874 1.320
28 16 0.998 13.923 1.621
66 50 0.998 15.473 1.098
72 45 0.998 11.395 1.779
65 43 0.998 10.474 1.524
83 30 0.998 6.048 1.539
87 26 0.998 5.294 1.233
79 30 0.998 10.147 1.564
72 46 0.998 12.173 1.848
72 40 0.998 7.036 1.972
83 26 0.998 8.528 1.379
71 45 0.997 14.037 1.756
62 45 0.997 15.541 1.226
77 30 0.997 12.486 1.748
82 26 0.997 12.145 1.279
74 44 0.997 10.412 1.388
70 43 0.997 11.018 2.305
72 41 0.997 9.003 1.782
64 43 0.997 15.020 1.168
70 41 0.997 12.393 1.966
73 42 0.997 11.267 1.718
72 43 0.997 8.219 2.485
80 37 0.997 6.730 1.539
88 26 0.997 6.113 1.371
75 44 0.997 11.038 1.500
76 43 0.997 9.956 1.683
182 168 0.997 11.448 1.846
81 26 0.997 11.472 1.567
69 42 0.997 11.660 2.045
66 43 0.997 10.696 1.824
83 23 0.997 13.072 1.622
84 30 0.997 6.591 1.521
184 170 0.997 7.085 1.969
76 37 0.997 6.987 1.609
79 26 0.997 14.026 1.528
84 23 0.997 9.125 1.460
77 44 0.997 9.896 1.759
67 47 0.997 10.440 1.503
182 169 0.997 12.088 1.549
86 27 0.997 13.633 1.334
86 23 0.997 12.950 1.293
80 33 0.996 10.280 2.112
93 81 0.996 8.117 2.147
68 43 0.996 9.514 2.998
182 167 0.996 10.786 1.798
80 27 0.996 10.921 1.778
184 168 0.996 9.641 1.886
67 48 0.996 13.848 1.360
80 44 0.996 11.304 2.122
72 42 0.996 10.910 1.884
75 41 0.996 10.739 1.645
71 41 0.996 13.198 1.723
88 23 0.996 6.742 1.390
80 31 0.996 11.001 1.999
73 40 0.996 8.465 1.808
77 41 0.996 9.682 1.662
76 42 0.996 10.426 1.457
80 32 0.996 12.849 1.712
71 43 0.996 12.168 2.332
80 34 0.996 10.155 2.022
93 23 0.996 6.458 1.471
74 41 0.996 11.973 1.570
88 19 0.996 8.779 2.109
68 47 0.996 12.623 1.757
76 34 0.996 11.779 1.870
74 43 0.996 13.484 1.777
184 172 0.996 10.675 1.816
76 45 0.996 12.497 1.759
87 23 0.996 9.275 1.412
83 27 0.996 10.843 1.530
88 27 0.996 10.150 1.532
69 40 0.996 10.992 2.098
68 41 0.996 12.802 2.214
65 51 0.996 16.390 0.803
88 30 0.996 10.432 1.604
80 41 0.996 8.209 1.693
87 30 0.996 7.994 1.759
85 29 0.996 12.687 1.399
81 30 0.996 10.408 1.453
83 29 0.996 7.798 1.710
75 43 0.996 12.538 2.046
87 22 0.996 8.337 1.748
183 170 0.996 10.494 1.705
88 22 0.996 7.062 1.886
88 29 0.996 10.628 1.547
84 29 0.996 9.119 1.419
82 30 0.996 10.626 1.418
71 46 0.995 14.394 1.783
84 25 0.995 10.755 1.525
81 29 0.995 13.547 1.531
67 43 0.995 10.349 2.987
74 45 0.995 14.695 1.696
85 30 0.995 10.952 1.385
79 29 0.995 12.975 1.843
84 22 0.995 10.843 1.597
183 171 0.995 7.550 1.890
80 40 0.995 9.319 1.655
70 47 0.995 12.703 2.332
80 36 0.995 10.404 1.676
85 23 0.995 11.609 1.515
73 37 0.995 11.320 1.737
84 24 0.995 11.968 1.348
83 25 0.995 12.545 1.657
79 44 0.995 12.894 1.728
83 31 0.995 10.519 1.620
73 47 0.995 13.411 1.868
88 28 0.995 13.011 1.383
74 42 0.995 15.410 1.590
85 26 0.995 9.626 1.264
84 31 0.995 11.257 1.698
76 38 0.995 10.167 1.474
83 28 0.995 11.934 1.400
87 19 0.995 11.795 2.125
83 37 0.995 8.324 1.978
93 80 0.995 10.040 1.961
184 166 0.995 10.835 1.898
79 37 0.995 6.975 1.979
86 26 0.995 9.548 1.166
88 20 0.995 10.976 1.711
79 41 0.995 10.167 1.494
86 30 0.995 10.523 1.637
86 29 0.995 10.685 1.668
76 46 0.995 12.719 1.909
167 155 0.995 10.858 2.279
89 23 0.995 11.135 1.734
74 40 0.995 10.767 1.526
87 29 0.995 7.256 1.621
80 38 0.995 10.712 1.710
73 39 0.995 12.952 1.658
88 21 0.995 11.785 1.612
183 168 0.995 12.507 2.067
77 42 0.994 13.925 1.758
77 43 0.994 13.546 1.784
80 39 0.994 12.668 1.444
84 27 0.994 8.369 1.611
79 34 0.994 10.794 2.039
87 27 0.994 9.710 1.339
87 28 0.994 10.877 1.322
71 40 0.994 11.566 1.866
66 41 0.994 12.837 2.238
80 28 0.994 13.343 1.534
83 32 0.994 10.678 1.814
69 48 0.994 13.468 2.025
70 40 0.994 12.591 1.903
90 23 0.994 11.697 1.874
38 26 0.994 12.594 1.832
72 37 0.994 11.434 1.770
93 26 0.994 7.781 1.994
89 26 0.994 10.367 1.372
65 52 0.994 17.014 1.206
76 39 0.994 9.934 1.396
83 33 0.994 8.339 2.408
83 40 0.994 12.322 1.882
82 29 0.994 12.760 1.752
184 169 0.994 11.007 1.549
78 41 0.994 12.712 1.421
82 27 0.994 14.569 1.475
86 22 0.994 12.541 1.697
184 163 0.994 10.665 2.397
80 35 0.994 13.159 1.647
62 44 0.994 15.244 1.477
77 40 0.994 9.925 1.500
78 40 0.994 11.045 1.474
183 167 0.994 11.043 1.879
78 30 0.994 13.709 1.572
186 167 0.993 8.426 2.418
84 37 0.993 11.015 1.866
85 27 0.993 12.926 1.659
83 22 0.993 13.934 1.645
79 40 0.993 7.763 1.714
79 31 0.993 13.388 1.977
185 167 0.993 10.638 1.871
80 23 0.993 14.233 1.857
65 42 0.993 12.041 1.951
81 27 0.993 12.734 1.774
184 164 0.993 11.651 2.240
183 169 0.993 14.177 1.761
86 28 0.993 14.974 1.368
75 42 0.993 14.050 1.744
79 32 0.993 13.765 1.978
83 34 0.993 10.012 2.401
77 39 0.993 14.393 1.464
87 31 0.993 12.226 1.623
185 170 0.993 11.531 1.758
66 42 0.993 13.741 2.089
87 24 0.993 11.706 1.332
75 37 0.993 10.853 1.859
71 42 0.993 15.319 1.899
76 36 0.993 9.653 1.702
72 39 0.993 11.397 2.012
87 21 0.993 13.145 1.655
70 42 0.993 14.230 2.156
76 35 0.993 13.075 1.583
85 22 0.993 12.824 1.778
79 33 0.993 10.457 2.371
87 20 0.993 13.705 1.728
84 32 0.993 13.106 1.709
77 37 0.993 10.214 1.551
91 22 0.992 10.883 2.670
93 22 0.992 9.871 1.642
67 41 0.992 13.324 2.529
78 44 0.992 13.511 1.557
41 27 0.992 7.333 2.141
85 28 0.992 15.891 1.221
81 40 0.992 13.287 1.505
83 41 0.992 12.672 2.054
83 24 0.992 14.949 1.451
92 23 0.992 10.840 1.707
79 36 0.992 8.121 2.051
185 171 0.992 10.730 1.866
77 63 0.992 11.211 2.563
186 163 0.992 9.239 2.946
75 40 0.992 8.016 1.873
84 33 0.992 11.517 2.258
80 42 0.992 13.029 1.718
37 25 0.992 14.840 1.560
88 24 0.992 10.994 1.396
42 30 0.992 10.771 1.885
81 41 0.992 12.964 1.796
81 23 0.992 14.191 1.805
65 41 0.992 10.073 2.888
182 166 0.992 14.383 1.767
85 25 0.992 14.193 1.516
88 18 0.992 12.136 2.149
95 77 0.992 9.799 2.497
77 45 0.992 13.896 1.933
41 29 0.992 10.764 1.689
91 26 0.992 11.712 2.268
79 27 0.992 15.013 1.637
73 38 0.992 13.362 1.817
186 171 0.991 10.829 2.205
84 20 0.991 14.556 1.697
185 168 0.991 14.063 2.066
76 33 0.991 12.723 2.128
88 25 0.991 10.034 1.507
90 22 0.991 10.960 2.357
184 165 0.991 13.051 1.872
86 24 0.991 16.007 1.257
92 26 0.991 11.792 1.991
89 27 0.991 14.412 1.627
20 8 0.991 6.435 2.507
44 30 0.991 11.056 2.192
170 155 0.991 10.226 2.588
79 39 0.991 11.169 1.733
89 30 0.991 14.043 1.602
68 42 0.991 13.136 2.731
83 36 0.991 10.451 2.077
84 21 0.991 14.814 1.401
186 170 0.991 11.110 2.181
79 38 0.991 11.429 1.828
84 19 0.991 13.782 1.930
77 36 0.991 13.495 1.599
89 22 0.991 10.628 2.139
88 31 0.991 14.816 1.605
84 28 0.991 11.534 1.366
73 36 0.991 14.160 1.770
95 80 0.991 11.031 2.335
92 22 0.991 13.067 1.983
68 40 0.991 12.709 2.423
75 45 0.991 15.739 1.530
77 38 0.990 13.672 1.769
95 81 0.990 9.936 2.531
74 37 0.990 13.513 1.646
68 48 0.990 15.891 1.546
91 23 0.990 10.282 2.373
82 40 0.990 13.466 1.764
72 38 0.990 13.403 1.784
40 28 0.990 14.970 1.571
80 63 0.990 9.493 2.491
90 26 0.990 11.176 1.833
81 37 0.990 11.349 1.540
74 46 0.990 14.531 2.067
95 63 0.990 5.317 1.348
76 63 0.990 12.119 2.540
186 166 0.990 11.726 2.432
80 43 0.990 14.196 1.727
98 64 0.989 6.445 1.638
67 49 0.989 16.223 1.164
186 160 0.989 9.518 3.005
93 30 0.989 11.442 2.407
80 25 0.989 14.816 1.519
80 65 0.989 11.244 2.733
78 37 0.989 11.402 1.590
93 19 0.989 9.031 2.271
79 35 0.989 12.248 1.864
87 25 0.989 8.664 1.638
89 19 0.989 11.446 2.486
93 77 0.989 11.197 2.544
77 46 0.989 13.154 2.423
79 43 0.989 14.519 1.696
186 168 0.989 12.237 2.467
82 37 0.988 11.229 1.822
153 139 0.988 6.405 2.316
75 38 0.988 13.960 1.661
86 31 0.988 15.148 1.732
186 159 0.988 10.463 2.651
74 39 0.988 15.579 1.509
96 63 0.988 7.222 1.109
77 64 0.988 13.563 2.183
83 35 0.988 12.777 1.856
82 41 0.988 14.545 1.649
40 27 0.988 11.896 2.168
89 25 0.988 13.790 1.691
63 43 0.988 15.216 1.668
94 23 0.988 11.113 1.619
82 31 0.988 15.100 1.676
84 34 0.988 12.451 2.339
90 19 0.988 11.583 2.636
84 40 0.988 14.802 1.824
93 20 0.988 10.386 1.962
93 21 0.988 12.898 1.495
87 32 0.988 12.842 1.934
79 42 0.988 14.051 1.629
78 65 0.988 14.151 1.933
86 25 0.988 13.115 1.766
91 19 0.987 10.141 3.205
169 155 0.987 13.242 2.226
96 64 0.987 5.755 1.799
93 29 0.987 12.755 1.972
41 28 0.987 10.900 1.801
93 27 0.987 9.052 2.176
185 169 0.987 15.479 1.638
24 8 0.987 6.772 2.666
21 8 0.987 8.404 2.398
77 34 0.987 14.352 1.986
76 31 0.987 14.424 2.191
186 164 0.987 11.015 2.813
85 24 0.987 15.525 1.489
93 25 0.987 11.805 1.636
43 30 0.987 13.158 1.806
75 39 0.987 12.171 2.166
93 78 0.987 13.088 2.201
21 9 0.987 11.759 2.356
89 29 0.986 14.050 1.658
82 23 0.986 15.650 1.491
94 81 0.986 11.956 2.143
83 38 0.986 12.630 2.014
78 38 0.986 15.570 1.441
170 153 0.986 9.733 2.518
185 166 0.986 14.193 2.046
97 64 0.986 7.762 1.551
37 24 0.986 15.669 1.661
77 26 0.986 15.366 1.806
44 31 0.986 12.876 2.174
87 33 0.986 12.450 2.292
76 64 0.986 13.951 2.296
93 79 0.985 13.770 1.768
96 62 0.985 6.682 1.605
185 163 0.985 12.473 2.488
89 24 0.985 15.343 1.659
37 23 0.985 15.214 1.897
75 36 0.985 11.553 2.192
186 169 0.985 14.160 2.123
78 36 0.985 13.151 1.994
78 39 0.985 15.414 1.538
84 36 0.985 14.089 1.844
187 160 0.985 10.711 2.883
183 166 0.985 14.958 1.829
94 62 0.985 5.477 1.711
185 172 0.985 15.633 1.743
79 65 0.985 14.185 2.217
81 31 0.985 14.853 1.886
60 46 0.984 15.821 1.431
60 47 0.984 17.461 0.998
41 23 0.984 11.683 2.245
94 63 0.984 7.524 1.424
180 168 0.984 15.513 1.711
93 24 0.984 10.897 1.714
95 23 0.984 10.349 2.095
187 159 0.984 10.643 2.450
98 65 0.984 7.996 1.952
67 40 0.984 14.435 2.323
21 7 0.984 10.709 2.582
72 47 0.984 15.293 1.876
94 80 0.984 13.489 2.038
95 64 0.983 8.172 1.448
82 28 0.983 16.609 1.321
87 18 0.983 14.573 2.085
41 26 0.983 9.349 2.423
72 36 0.983 12.811 2.136
95 65 0.983 6.908 1.617
94 26 0.983 11.825 1.974
184 154 0.983 8.003 1.113
153 140 0.983 7.836 2.245
95 62 0.982 7.964 1.327
93 63 0.982 7.314 1.700
82 36 0.982 13.028 2.244
186 161 0.982 12.447 2.671
85 31 0.982 15.777 1.558
66 40 0.982 14.821 2.113
153 138 0.982 7.338 2.183
75 46 0.982 15.791 1.697
98 63 0.982 11.022 1.521
186 162 0.982 12.458 2.654
95 73 0.982 10.415 3.038
82 33 0.981 12.470 2.482
185 173 0.981 15.644 1.618
82 34 0.981 13.921 2.240
154 139 0.981 8.054 2.451
81 63 0.981 10.788 2.776
88 17 0.981 14.259 2.151
185 159 0.981 12.991 2.622
97 63 0.981 9.742 1.636
84 41 0.981 13.623 2.417
95 78 0.981 13.008 2.385
93 61 0.981 5.714 1.959
185 154 0.981 5.212 1.227
168 155 0.981 14.519 1.907
76 29 0.980 15.445 1.874
97 65 0.980 6.436 2.335
92 19 0.980 11.994 2.470
20 6 0.980 11.174 2.547
90 25 0.980 14.180 2.126
95 76 0.980 12.706 2.506
20 7 0.980 9.782 2.887
81 28 0.980 16.277 1.433
39 27 0.980 13.602 1.809
166 153 0.980 12.739 2.570
183 153 0.980 7.183 0.880
97 73 0.980 11.586 2.971
185 153 0.980 7.134 0.849
187 156 0.979 6.322 2.170
187 153 0.979 11.328 1.456
181 168 0.979 15.055 1.901
91 20 0.979 12.954 2.683
44 27 0.979 9.639 2.838
81 44 0.979 14.584 2.056
95 26 0.979 10.354 2.778
81 36 0.979 14.362 1.760
152 139 0.979 7.793 2.246
184 162 0.979 14.164 2.259
93 62 0.979 8.025 1.595
96 65 0.979 7.771 1.717
188 156 0.979 8.932 2.399
85 37 0.979 14.627 1.804
185 152 0.979 6.491 1.229
95 27 0.979 10.390 2.798
65 40 0.979 12.665 2.530
186 174 0.978 13.581 2.149
87 37 0.978 14.006 2.182
24 7 0.978 9.102 2.784
152 140 0.978 6.165 2.502
67 42 0.978 13.543 3.047
21 6 0.978 10.487 2.888
85 19 0.978 14.551 2.044
93 18 0.978 13.503 2.121
24 10 0.978 11.729 2.530
94 22 0.978 14.412 1.848
42 29 0.978 14.840 1.857
188 157 0.978 7.204 2.679
46 30 0.978 13.386 2.326
75 30 0.978 15.658 1.822
187 167 0.978 12.421 2.370
184 160 0.978 12.933 2.729
40 26 0.978 13.171 2.353
98 62 0.978 11.712 1.769
187 155 0.977 7.657 1.657
167 153 0.977 12.219 2.865
89 20 0.977 14.475 2.228
94 61 0.977 7.699 1.679
95 22 0.977 14.282 2.011
188 159 0.977 11.826 2.724
181 169 0.977 16.046 1.745
186 165 0.977 13.449 2.363
97 62 0.977 11.219 1.607
77 29 0.977 16.155 1.701
81 34 0.977 14.330 2.080
97 70 0.977 10.993 3.105
185 155 0.977 7.304 1.155
42 27 0.977 11.160 2.463
90 27 0.977 15.073 1.862
154 140 0.977 8.575 2.906
90 20 0.976 14.702 2.349
24 6 0.976 9.322 3.068
188 160 0.976 11.503 3.065
92 63 0.976 11.635 1.440
186 153 0.976 9.276 1.374
184 155 0.976 6.943 1.522
95 83 0.976 14.610 1.969
80 24 0.976 15.906 1.593
153 136 0.976 6.691 2.561
81 33 0.976 13.847 2.221
94 27 0.976 12.626 2.134
38 25 0.976 15.771 1.580
187 157 0.976 7.332 2.225
154 138 0.976 7.167 2.866
181 167 0.976 14.980 1.885
81 38 0.976 15.491 1.686
80 46 0.976 13.789 2.666
69 39 0.975 14.758 1.988
188 155 0.975 9.866 2.001
184 159 0.975 13.027 2.822
93 28 0.975 13.179 1.855
24 9 0.975 10.705 2.498
86 37 0.975 14.575 1.996
170 154 0.975 12.984 2.171
83 39 0.975 14.667 1.782
183 155 0.975 11.379 1.119
184 152 0.975 7.835 0.997
187 154 0.975 7.356 1.937
79 28 0.975 16.396 1.561
82 32 0.975 15.297 2.017
186 154 0.975 7.831 1.394
95 60 0.975 11.753 1.583
187 163 0.975 12.160 2.823
78 26 0.975 16.336 1.547
78 43 0.975 16.220 1.639
171 153 0.974 11.907 2.550
76 32 0.974 15.730 1.842
95 61 0.974 10.021 1.650
74 38 0.974 16.478 1.475
41 24 0.974 12.562 2.141
75 34 0.974 15.338 1.814
86 32 0.974 14.951 1.984
96 49 0.974 8.536 2.637
79 63 0.974 13.572 2.243
94 65 0.974 11.573 1.408
99 64 0.974 10.497 2.041
155 138 0.974 9.002 2.829
77 27 0.974 15.325 2.000
78 34 0.974 15.484 1.881
185 164 0.974 14.141 2.516
93 64 0.973 12.011 1.418
24 5 0.973 10.031 3.088
70 48 0.973 15.142 2.155
186 158 0.973 11.644 2.152
80 64 0.973 13.088 2.353
81 25 0.973 16.284 1.603
100 64 0.973 12.026 2.304
94 77 0.973 13.390 2.268
78 42 0.973 16.753 1.389
86 19 0.973 15.231 1.894
166 154 0.973 14.236 2.304
73 48 0.973 15.312 2.058
188 153 0.973 13.525 2.244
155 137 0.973 7.985 3.070
90 30 0.973 15.225 1.875
92 25 0.973 15.695 1.769
155 139 0.973 10.438 2.528
20 5 0.973 11.776 2.829
77 33 0.973 15.099 2.047
41 25 0.972 13.232 1.920
80 45 0.972 14.761 2.134
95 74 0.972 13.080 2.577
90 24 0.972 15.695 1.802
84 61 0.972 9.090 2.455
43 31 0.972 14.131 2.086
184 157 0.972 13.198 1.831
95 82 0.972 14.536 2.121
89 21 0.972 15.520 1.926
22 8 0.972 11.304 1.961
74 36 0.972 15.386 1.738
99 65 0.972 10.743 2.619
94 60 0.972 7.610 2.043
186 156 0.972 8.114 2.143
96 61 0.972 11.208 1.521
92 27 0.972 13.526 2.266
43 27 0.972 12.690 2.220
185 158 0.972 14.482 1.986
42 28 0.971 14.178 2.389
152 138 0.971 9.948 2.472
186 151 0.971 14.762 1.465
186 155 0.971 5.861 1.818
25 8 0.971 10.648 2.525
76 26 0.971 16.036 1.860
98 69 0.971 12.044 2.845
97 69 0.971 11.019 2.923
183 152 0.971 5.132 1.165
153 137 0.971 8.432 2.306
98 66 0.971 8.340 2.976
92 61 0.971 7.841 1.912
23 8 0.971 9.647 2.541
186 157 0.971 8.660 2.217
76 27 0.971 15.527 2.064
184 153 0.971 5.312 1.320
38 23 0.971 15.504 1.831
92 20 0.971 14.198 2.249
98 70 0.971 11.756 2.998
91 25 0.971 14.650 2.298
93 65 0.971 12.305 1.574
189 155 0.970 12.239 2.347
100 65 0.970 12.161 2.646
86 33 0.970 13.509 2.383
183 151 0.970 7.249 1.068
69 37 0.970 15.038 1.943
96 50 0.970 9.930 2.878
97 61 0.970 14.966 1.716
153 141 0.970 9.684 2.426
81 69 0.970 17.264 1.860
22 7 0.970 13.996 2.316
96 77 0.970 13.458 2.480
182 152 0.970 7.717 1.085
84 63 0.970 9.333 2.955
183 156 0.970 15.131 1.249
99 63 0.970 14.370 1.976
185 157 0.970 11.763 1.756
187 161 0.970 13.665 2.793
84 38 0.969 14.656 2.081
185 160 0.969 12.963 2.770
183 154 0.969 9.597 1.172
173 153 0.969 11.714 2.651
23 7 0.969 12.352 2.698
92 24 0.969 15.229 1.820
87 34 0.969 14.370 2.357
187 152 0.969 12.371 1.739
94 24 0.969 15.013 1.842
96 84 0.969 14.358 1.992
44 26 0.969 11.287 2.750
182 155 0.969 12.164 1.471
21 5 0.969 9.735 3.304
82 25 0.969 16.552 1.478
99 66 0.969 10.241 3.249
154 136 0.969 9.144 2.425
182 154 0.968 11.579 1.179
186 172 0.968 15.176 2.099
81 65 0.968 13.473 2.599
171 155 0.968 13.328 2.522
92 80 0.968 14.750 2.096
84 35 0.968 15.911 1.765
25 7 0.968 12.300 2.727
155 136 0.968 8.150 2.903
93 76 0.968 14.250 2.302
187 158 0.968 10.447 2.398
95 79 0.968 14.590 2.008
184 156 0.968 11.492 1.364
71 37 0.968 15.544 1.664
169 153 0.967 13.624 2.337
97 77 0.967 13.001 2.844
80 61 0.967 12.887 2.469
151 138 0.967 11.075 2.152
96 48 0.967 8.717 3.288
29 17 0.967 18.632 0.622
189 156 0.967 11.146 2.619
184 161 0.967 15.108 2.261
187 170 0.967 14.584 2.118
96 23 0.967 14.023 2.106
95 66 0.967 11.673 1.628
188 158 0.967 10.890 3.013
88 32 0.967 16.197 1.655
95 70 0.966 12.416 2.865
184 150 0.966 11.555 1.286
80 62 0.966 13.554 2.266
97 66 0.966 9.108 2.637
95 69 0.966 12.222 3.051
77 35 0.966 16.636 1.541
98 47 0.966 7.996 3.004
83 63 0.966 12.470 2.520
82 38 0.965 15.787 1.757
182 153 0.965 6.655 1.450
39 26 0.965 15.767 1.795
89 28 0.965 16.851 1.353
167 154 0.965 14.371 2.349
64 42 0.965 16.570 1.788
22 9 0.965 15.194 1.990
189 157 0.965 9.373 2.760
25 6 0.965 11.571 3.123
94 59 0.965 11.662 1.809
151 139 0.965 7.559 2.912
96 47 0.965 9.007 3.293
95 49 0.965 6.926 2.971
92 62 0.965 10.185 1.833
78 63 0.965 14.377 2.210
23 9 0.965 13.364 2.332
81 22 0.964 16.254 1.728
94 52 0.964 7.168 2.343
80 22 0.964 16.443 1.657
24 4 0.964 9.784 3.352
95 24 0.964 13.048 2.483
154 137 0.964 8.109 3.246
46 27 0.964 9.767 2.968
38 24 0.964 15.755 1.763
94 64 0.964 10.415 1.854
92 54 0.964 7.861 2.863
95 30 0.964 12.108 2.964
186 150 0.964 16.014 1.870
186 152 0.964 11.141 1.314
184 158 0.964 15.619 2.044
180 167 0.963 15.944 1.714
186 173 0.963 15.931 1.894
96 73 0.963 13.185 2.644
61 44 0.963 16.409 1.780
94 25 0.963 15.992 1.689
81 61 0.962 12.730 2.551
90 29 0.962 15.019 2.015
184 151 0.962 9.789 1.313
81 39 0.962 16.930 1.325
155 140 0.962 11.674 2.597
81 32 0.962 16.480 1.659
93 17 0.962 14.040 2.343
23 6 0.961 12.978 2.734
73 34 0.961 16.144 1.863
94 19 0.961 13.474 2.404
93 59 0.961 10.618 2.030
25 5 0.961 11.432 3.127
188 152 0.961 14.695 2.630
91 24 0.961 14.788 2.334
93 52 0.961 7.634 2.219
154 134 0.961 12.412 2.482
23 10 0.961 14.037 2.392
151 137 0.961 12.894 2.142
93 60 0.960 8.017 1.919
174 153 0.960 9.515 3.019
93 51 0.960 7.072 2.812
153 135 0.960 10.913 2.203
83 61 0.960 13.103 2.272
71 39 0.960 15.889 1.975
22 6 0.960 13.919 2.625
185 156 0.960 9.704 1.590
91 21 0.960 14.438 2.531
96 69 0.959 13.473 2.719
88 61 0.959 7.638 2.610
95 48 0.959 9.289 3.171
101 64 0.959 13.674 2.804
97 47 0.959 10.175 3.038
93 58 0.959 12.708 2.209
95 59 0.959 15.430 1.709
152 136 0.959 11.234 2.199
94 82 0.959 16.176 1.798
92 60 0.959 6.280 2.576
98 48 0.959 10.531 2.872
20 4 0.959 11.369 3.155
187 162 0.959 14.286 2.734
96 52 0.959 12.139 2.280
44 23 0.959 10.641 2.967
185 150 0.959 11.854 1.531
95 19 0.959 14.134 2.431
99 62 0.958 15.358 2.150
44 29 0.958 14.498 2.115
185 151 0.958 11.065 1.149
174 151 0.958 10.128 2.773
96 60 0.958 11.957 1.935
188 154 0.958 9.925 2.571
97 48 0.958 11.136 2.961
184 149 0.958 15.372 1.364
98 61 0.958 15.968 1.891
189 154 0.958 12.066 2.846
89 18 0.958 14.560 2.758
98 73 0.958 13.138 2.921
90 21 0.957 15.513 2.195
95 67 0.957 12.615 2.068
61 45 0.957 16.947 1.625
182 151 0.957 5.396 1.563
21 4 0.957 8.933 3.574
42 26 0.957 13.638 2.254
154 135 0.957 12.029 2.685
96 80 0.957 14.413 2.292
154 141 0.957 11.799 2.441
84 62 0.957 12.137 2.231
181 151 0.956 7.508 1.780
190 155 0.956 13.281 2.822
98 49 0.956 12.192 2.329
95 20 0.956 14.231 2.487
151 136 0.956 11.001 2.519
153 134 0.956 10.997 2.543
95 47 0.956 10.364 2.819
96 46 0.956 11.441 2.942
187 171 0.956 14.957 2.169
90 63 0.956 15.068 2.256
172 153 0.955 14.146 2.118
95 25 0.955 14.314 2.331
173 151 0.955 12.954 2.501
91 27 0.955 14.551 2.230
96 81 0.955 14.198 2.353
94 20 0.955 14.570 2.236
91 61 0.955 8.198 2.537
181 154 0.955 15.440 1.140
152 137 0.955 12.053 2.370
70 37 0.955 16.211 1.704
97 46 0.955 12.500 3.249
98 46 0.955 11.328 2.848
190 156 0.955 11.947 2.977
96 51 0.955 13.373 2.044
77 31 0.955 15.852 2.014
92 21 0.954 16.470 1.761
73 30 0.954 15.726 2.100
75 35 0.954 15.674 1.903
69 49 0.954 15.398 2.020
96 66 0.954 11.164 2.249
95 50 0.954 9.895 2.960
91 63 0.954 13.261 1.885
28 8 0.954 10.253 3.420
85 61 0.954 11.002 2.707
95 46 0.954 11.387 3.069
88 60 0.954 10.767 2.478
92 30 0.954 14.882 2.295
92 59 0.953 8.499 2.647
93 53 0.953 10.703 1.964
28 6 0.953 10.710 3.492
183 163 0.953 15.122 2.217
185 165 0.953 16.270 2.073
29 16 0.953 16.882 1.592
100 66 0.953 10.402 3.563
28 7 0.953 11.721 3.106
182 165 0.953 16.418 1.801
188 163 0.953 13.072 3.126
88 16 0.953 15.077 2.234
97 49 0.952 11.461 2.520
41 22 0.952 14.789 2.038
182 163 0.952 15.694 2.065
99 70 0.952 12.282 3.185
44 28 0.952 13.841 2.533
95 75 0.952 14.895 2.187
19 7 0.952 13.577 2.801
183 150 0.952 6.940 1.811
45 30 0.951 14.848 2.130
96 70 0.951 13.702 2.698
85 20 0.951 16.315 1.723
92 58 0.951 9.911 2.779
94 51 0.951 9.012 2.270
90 60 0.951 11.123 2.423
98 67 0.951 9.774 3.059
82 63 0.951 13.928 2.267
23 5 0.950 13.295 2.858
45 27 0.950 12.316 2.536
90 61 0.950 10.364 2.446
185 149 0.950 16.040 1.762
181 152 0.950 10.201 1.518
22 10 0.950 15.474 2.093
84 60 0.949 13.063 2.325
78 29 0.949 16.666 1.613
190 157 0.949 10.135 3.395
91 54 0.949 8.868 3.052
24 11 0.949 14.596 2.379
90 18 0.949 14.406 2.883
181 153 0.949 11.250 1.248
95 52 0.949 11.415 1.894
69 38 0.949 16.002 1.839
174 152 0.948 12.564 2.409
170 152 0.948 13.655 2.412
187 166 0.948 14.776 2.491
25 4 0.948 10.535 3.464
88 76 0.948 18.080 1.361
82 22 0.948 16.651 1.583
27 8 0.948 10.633 3.231
94 49 0.948 7.887 2.612
188 167 0.948 13.841 2.668
91 59 0.948 8.487 3.131
182 156 0.948 16.574 1.472
99 69 0.948 12.954 3.119
25 9 0.947 14.457 2.355
46 26 0.947 11.319 2.694
72 34 0.947 16.253 1.835
91 60 0.947 8.757 2.390
156 136 0.947 10.620 3.107
85 73 0.947 18.292 1.136
91 18 0.947 13.403 3.172
178 166 0.946 18.240 1.140
93 54 0.946 10.463 2.584
170 156 0.946 14.580 2.376
187 151 0.946 16.479 1.836
93 49 0.946 7.679 3.030
182 164 0.946 15.929 1.998
94 30 0.946 14.374 2.365
88 59 0.946 10.779 2.814
189 159 0.946 13.860 2.819
91 62 0.946 12.411 1.966
90 59 0.946 10.193 3.137
182 150 0.946 7.696 1.667
24 3 0.945 11.321 3.186
88 33 0.945 15.815 1.908
76 47 0.945 16.010 1.919
189 158 0.945 12.587 3.074
155 135 0.945 9.922 3.260
92 52 0.945 6.756 2.706
19 6 0.945 14.394 2.678
187 164 0.944 14.060 2.820
18 6 0.944 13.760 3.175
183 149 0.944 11.372 1.549
175 163 0.944 17.878 1.463
85 32 0.944 16.776 1.565
85 33 0.944 14.980 2.172
82 35 0.944 16.182 1.863
26 8 0.943 12.502 2.328
28 5 0.943 11.296 3.243
154 142 0.943 12.834 2.795
27 7 0.943 12.664 2.946
27 6 0.943 12.503 3.039
101 65 0.943 13.507 3.024
156 137 0.943 9.256 3.623
155 141 0.943 14.679 2.467
87 61 0.943 10.824 2.630
97 72 0.943 14.314 2.641
155 134 0.943 9.543 3.409
190 154 0.942 13.347 3.147
180 152 0.942 12.063 1.814
86 61 0.942 12.953 2.174
188 161 0.942 13.721 3.221
156 139 0.942 12.481 2.764
95 29 0.942 14.227 2.575
92 57 0.942 11.944 2.791
94 53 0.942 11.637 1.973
91 58 0.942 10.482 3.030
95 68 0.942 15.106 2.296
156 138 0.941 10.635 3.188
96 26 0.941 14.373 2.439
81 62 0.941 14.159 2.522
91 57 0.941 12.000 3.126
182 149 0.941 10.833 1.905
181 155 0.941 16.563 1.532
43 26 0.941 14.827 2.241
93 50 0.941 8.742 2.935
94 66 0.941 15.602 1.533
94 54 0.941 11.170 2.525
182 148 0.941 12.357 2.116
179 153 0.941 14.349 2.402
92 51 0.941 8.395 2.702
94 58 0.940 13.203 2.241
81 24 0.940 16.874 1.577
89 60 0.940 13.211 2.330
92 65 0.940 16.617 1.583
93 31 0.940 15.049 2.194
95 51 0.940 11.958 2.372
22 5 0.940 13.187 2.952
90 62 0.939 14.690 2.214
183 164 0.939 15.653 2.143
170 151 0.939 12.802 3.093
92 55 0.939 11.546 2.802
85 21 0.938 17.188 1.440
46 31 0.938 14.936 2.368
92 64 0.938 15.729 1.434
92 56 0.938 12.752 2.662
78 33 0.938 15.163 2.108
177 151 0.938 10.730 3.051
85 63 0.938 12.687 2.764
23 4 0.937 12.650 2.913
185 162 0.937 15.697 2.483
178 150 0.937 12.280 2.546
97 74 0.937 14.256 2.916
180 153 0.937 12.119 1.841
92 53 0.936 8.612 2.831
71 47 0.936 16.604 1.917
46 23 0.936 7.970 3.102
81 64 0.936 14.892 2.394
94 48 0.936 10.503 2.805
94 50 0.936 7.842 3.422
44 24 0.936 12.609 2.952
97 60 0.936 16.249 1.947
98 45 0.936 11.135 3.217
91 52 0.936 8.721 2.652
98 68 0.936 12.968 2.817
70 39 0.936 16.752 1.763
100 67 0.936 10.854 3.582
86 34 0.935 15.600 2.218
21 3 0.935 10.907 3.292
96 67 0.935 12.430 2.364
98 50 0.935 14.220 2.513
45 26 0.934 13.947 2.481
191 157 0.934 11.783 3.344
77 62 0.934 15.055 2.321
189 160 0.934 13.612 2.986
97 50 0.934 13.515 2.448
93 48 0.934 11.491 2.339
179 152 0.934 15.091 1.902
26 7 0.934 14.718 2.435
64 41 0.933 14.191 2.471
82 61 0.933 14.853 2.147
96 27 0.933 13.941 2.629
95 72 0.933 13.977 2.750
191 156 0.933 13.333 3.190
78 35 0.932 17.034 1.578
92 50 0.932 10.804 2.600
168 153 0.932 15.140 2.247
99 67 0.932 10.715 3.567
94 78 0.932 16.009 2.089
75 63 0.932 16.134 2.034
87 60 0.931 14.106 2.433
91 56 0.931 12.861 2.973
153 133 0.931 13.659 2.646
28 4 0.931 10.589 3.683
72 35 0.931 16.215 1.793
92 29 0.930 16.084 2.056
173 155 0.930 13.529 2.824
63 42 0.930 15.987 2.141
101 66 0.930 11.779 3.583
96 59 0.930 16.161 1.995
83 44 0.930 16.047 2.026
27 5 0.930 13.394 3.004
91 30 0.930 16.084 2.022
22 4 0.929 12.033 3.124
89 61 0.929 11.384 2.230
40 23 0.929 15.264 2.187
16 4 0.929 12.271 3.485
17 5 0.929 13.037 3.405
182 142 0.929 11.858 3.117
97 67 0.929 9.035 3.431
95 53 0.928 15.656 1.738
82 39 0.928 16.603 1.658
152 135 0.928 15.128 2.043
176 151 0.928 13.337 2.412
178 151 0.928 9.780 2.949
91 55 0.928 11.953 2.957
97 71 0.927 14.476 2.697
97 76 0.927 14.702 2.677
181 150 0.927 6.562 2.714
93 73 0.927 14.319 2.611
94 47 0.927 12.455 2.452
99 47 0.927 11.913 2.789
96 45 0.927 13.384 2.909
173 152 0.927 15.217 2.288
100 63 0.926 16.035 2.198
180 150 0.926 9.340 2.697
182 143 0.926 11.641 3.456
25 3 0.926 11.437 3.538
183 148 0.926 12.626 2.071
93 47 0.926 13.596 2.276
175 153 0.926 13.152 2.566
181 149 0.926 8.904 2.810
84 18 0.926 16.772 1.739
171 151 0.926 13.466 2.939
42 23 0.926 14.902 2.254
31 19 0.926 18.781 0.649
180 151 0.925 8.207 2.702
189 153 0.925 15.621 2.574
100 70 0.925 12.030 3.669
173 131 0.925 7.710 2.828
179 150 0.925 12.179 2.504
89 59 0.924 12.266 3.049
182 141 0.924 11.634 3.373
177 150 0.924 14.000 2.626
88 58 0.924 13.369 2.718
84 65 0.924 13.791 2.614
86 21 0.923 17.325 1.445
90 58 0.923 11.966 3.301
83 62 0.923 15.701 2.069
20 3 0.923 13.377 2.962
88 62 0.923 12.253 2.212
88 63 0.923 11.777 2.607
171 152 0.923 15.063 2.340
171 154 0.922 15.615 2.137
26 6 0.922 14.397 2.720
97 80 0.922 14.818 2.604
175 151 0.921 12.127 2.788
185 161 0.921 15.903 2.476
84 59 0.921 14.484 2.425
95 28 0.921 14.143 2.599
178 152 0.921 13.498 2.659
44 25 0.921 14.340 2.342
98 44 0.921 13.488 2.920
73 35 0.920 17.052 1.622
92 49 0.920 11.393 2.116
100 69 0.920 12.830 3.445
84 72 0.920 18.334 1.213
79 46 0.920 16.596 1.976
97 45 0.919 13.356 3.022
81 35 0.919 17.268 1.521
78 27 0.919 17.162 1.579
93 55 0.919 14.182 2.501
87 17 0.918 16.561 2.042
93 57 0.918 15.048 2.370
94 46 0.918 13.571 2.669
85 62 0.918 14.663 2.424
159 136 0.918 12.048 3.028
86 20 0.918 17.282 1.505
170 131 0.918 9.181 3.156
99 48 0.917 13.695 2.898
91 53 0.917 8.491 3.437
188 162 0.917 14.628 2.990
159 137 0.917 11.314 3.472
174 150 0.917 13.797 2.509
75 33 0.917 15.813 2.148
87 63 0.917 13.389 2.620
93 46 0.917 13.880 2.718
19 5 0.917 14.286 2.856
87 36 0.916 15.833 2.222
97 68 0.916 12.336 2.865
96 76 0.916 15.442 2.452
45 23 0.916 11.807 2.678
24 2 0.916 11.556 3.267
94 29 0.916 16.310 1.926
96 68 0.916 15.358 2.194
90 52 0.916 11.708 2.608
44 32 0.916 16.414 1.917
87 59 0.915 14.012 2.808
27 4 0.915 12.688 3.246
173 132 0.915 11.613 2.582
97 23 0.915 15.330 2.347
46 28 0.915 13.923 2.633
183 165 0.915 16.806 1.848
85 60 0.914 13.908 2.535
92 18 0.914 15.718 2.513
169 154 0.914 16.266 2.005
18 5 0.914 13.186 3.351
95 45 0.914 14.159 2.687
156 140 0.913 13.977 2.783
43 29 0.913 17.027 1.641
25 10 0.913 15.316 2.406
97 81 0.912 14.812 2.636
190 158 0.912 12.935 3.338
101 67 0.912 12.185 3.529
113 101 0.911 9.617 3.935
183 147 0.911 15.644 2.199
99 73 0.911 13.641 3.224
26 5 0.911 14.584 2.761
93 66 0.910 16.810 1.563
187 168 0.910 15.909 2.379
159 138 0.910 13.110 3.137
177 131 0.910 7.730 2.907
44 22 0.910 14.137 2.586
77 47 0.909 16.067 2.164
151 135 0.909 14.933 2.472
83 42 0.909 16.585 1.745
183 142 0.909 11.944 3.627
179 151 0.909 11.078 2.316
182 144 0.909 11.859 3.062
174 132 0.909 13.433 2.418
174 162 0.908 17.668 1.592
79 64 0.908 16.547 2.054
114 102 0.908 10.804 3.846
183 143 0.908 12.455 3.156
88 52 0.908 12.252 2.920
43 28 0.907 16.356 2.000
191 155 0.907 14.276 3.218
68 39 0.907 16.159 2.275
84 64 0.907 14.081 2.444
91 29 0.907 16.488 2.040
78 66 0.907 17.959 1.497
172 151 0.906 14.979 2.317
94 21 0.906 17.112 1.621
82 44 0.906 16.796 1.719
95 71 0.906 15.220 2.423
94 55 0.906 15.078 2.349
19 4 0.906 13.442 2.928
32 20 0.906 18.716 0.733
174 131 0.905 9.654 2.638
63 41 0.905 13.465 3.013
150 138 0.905 14.764 1.972
73 49 0.905 16.245 2.121
173 130 0.905 9.645 2.974
22 3 0.905 13.497 3.085
173 133 0.904 12.685 2.805
84 39 0.904 17.178 1.563
172 155 0.904 15.469 2.160
98 72 0.903 15.301 2.601
178 153 0.903 12.174 3.408
83 19 0.903 17.045 1.722
81 42 0.903 17.288 1.578
17 4 0.902 12.699 3.536
180 149 0.902 10.183 3.431
173 154 0.902 15.291 2.254
174 155 0.902 12.765 3.377
79 45 0.902 17.121 1.601
181 148 0.902 10.028 3.046
84 44 0.901 15.736 2.410
98 71 0.901 15.021 2.649
85 34 0.901 16.054 2.101
87 62 0.901 14.823 2.274
23 3 0.901 14.218 2.899
156 135 0.901 10.836 3.797
183 141 0.900 12.559 3.152
88 51 0.900 12.373 3.043
155 133 0.900 12.455 3.037
174 130 0.900 10.637 2.959
90 54 0.900 10.445 3.523
97 52 0.900 16.024 2.099
86 36 0.900 16.135 2.066
173 134 0.900 13.362 3.008
95 54 0.900 15.231 2.339
91 49 0.900 12.445 2.254
28 9 0.899 13.784 2.967
28 3 0.899 11.017 3.796
177 153 0.899 11.668 3.517
94 28 0.899 16.560 1.802
170 132 0.899 12.563 2.972
181 143 0.899 12.012 3.154
18 4 0.899 12.194 3.549
114 101 0.898 10.240 4.034
46 29 0.898 15.621 2.152
115 101 0.898 11.125 3.864
100 47 0.898 13.234 2.832
166 131 0.898 12.437 3.436
178 149 0.898 12.399 3.225
26 4 0.898 13.515 2.971
90 57 0.897 13.087 3.462
91 17 0.897 14.652 2.981
174 154 0.897 13.780 2.582
89 62 0.897 16.147 1.952
47 27 0.896 14.215 2.524
156 134 0.896 10.871 3.642
115 102 0.896 11.659 3.812
43 23 0.896 14.875 2.439
177 130 0.896 9.173 3.125
27 15 0.896 17.599 1.521
92 77 0.895 15.676 2.297
183 157 0.895 17.184 1.629
97 84 0.895 15.780 2.298
46 24 0.895 10.726 3.223
188 164 0.895 14.571 3.054
160 136 0.895 13.338 3.098
30 18 0.895 18.861 0.598
179 149 0.895 12.345 3.312
181 144 0.894 10.355 3.819
48 23 0.894 11.257 3.073
93 16 0.894 15.078 2.528
83 65 0.894 15.354 2.404
181 145 0.894 11.905 3.417
175 152 0.894 15.412 2.304
170 133 0.894 13.331 3.118
157 136 0.893 13.118 3.135
181 142 0.893 11.514 3.637
27 9 0.893 14.173 2.741
183 144 0.893 12.017 3.256
95 21 0.893 16.559 1.890
96 74 0.893 15.793 2.475
21 2 0.893 10.642 3.534
99 49 0.892 15.374 2.424
116 101 0.892 11.207 3.901
171 131 0.892 12.443 2.460
88 37 0.891 16.548 1.899
190 159 0.891 14.143 3.148
82 70 0.891 18.479 1.165
94 57 0.891 15.788 2.316
182 145 0.891 13.059 3.179
99 68 0.891 13.911 3.192
94 76 0.891 16.250 2.125
99 46 0.890 14.075 3.096
84 49 0.890 13.244 3.169
172 131 0.890 12.034 2.431
160 137 0.890 12.532 3.439
170 134 0.890 13.335 3.288
176 131 0.890 11.002 2.632
115 103 0.890 12.646 3.363
47 23 0.890 11.617 2.601
68 49 0.890 18.142 1.365
165 153 0.890 16.070 2.206
180 154 0.889 16.741 1.675
177 152 0.889 13.681 2.765
74 30 0.889 17.277 1.647
184 148 0.888 16.640 1.905
29 8 0.888 13.874 2.741
94 73 0.888 14.913 2.549
180 148 0.888 11.507 3.308
176 153 0.888 14.344 2.507
182 147 0.888 15.062 2.294
80 66 0.888 15.725 2.398
179 167 0.888 18.203 1.330
157 138 0.888 13.665 2.995
159 135 0.888 11.118 3.569
171 159 0.888 16.459 2.248
175 131 0.887 12.648 2.067
65 39 0.887 15.456 2.231
93 74 0.887 15.685 2.350
88 53 0.887 12.523 2.927
45 31 0.887 16.263 2.066
96 44 0.887 14.774 2.722
94 79 0.886 17.206 1.680
155 142 0.886 15.864 2.575
157 137 0.885 12.239 3.278
80 49 0.885 14.956 2.730
183 145 0.885 13.594 2.936
46 22 0.885 11.740 2.737
77 61 0.885 15.596 2.300
152 134 0.885 15.179 2.449
46 19 0.884 10.891 3.269
41 20 0.884 16.285 2.019
169 131 0.884 11.221 3.060
25 2 0.883 11.258 3.641
170 130 0.883 11.047 3.111
78 31 0.883 17.243 1.737
46 20 0.882 10.722 3.221
178 131 0.882 10.986 3.039
86 63 0.882 14.901 2.279
98 77 0.882 14.849 2.874
91 50 0.882 11.987 2.470
93 56 0.882 15.751 2.360
40 25 0.881 16.911 1.794
174 133 0.881 14.434 2.680
184 141 0.881 11.892 3.440
174 129 0.881 12.428 2.638
97 26 0.881 14.918 2.695
46 25 0.880 13.320 2.326
177 132 0.880 11.648 2.683
173 129 0.880 12.004 2.553
150 136 0.880 15.010 2.233
92 48 0.880 14.941 1.731
42 24 0.880 15.468 2.334
40 24 0.880 16.494 1.924
88 54 0.880 12.681 3.394
90 49 0.879 15.798 2.020
71 38 0.879 17.626 1.484
76 62 0.879 16.066 2.193
97 27 0.879 14.064 3.145
190 160 0.879 14.220 3.244
44 20 0.879 14.359 2.634
48 27 0.879 14.824 2.520
81 46 0.878 15.247 2.733
181 147 0.878 12.518 2.789
20 2 0.878 13.256 3.202
177 128 0.878 11.668 2.570
91 51 0.878 8.605 3.624
154 133 0.877 15.224 2.569
181 141 0.877 13.276 3.058
178 130 0.877 12.058 3.025
24 12 0.877 16.355 2.306
69 36 0.877 16.827 1.882
27 3 0.876 13.446 3.241
176 130 0.876 12.483 2.730
182 140 0.876 13.460 3.066
86 60 0.876 16.069 2.118
89 58 0.876 14.023 3.170
191 154 0.876 14.214 3.215
85 59 0.875 14.714 2.719
116 102 0.875 12.014 3.868
102 66 0.875 13.349 3.407
85 36 0.874 16.820 1.746
78 46 0.874 16.859 1.951
99 45 0.874 13.697 3.202
181 146 0.874 13.019 2.933
187 165 0.874 16.237 2.377
158 137 0.874 13.193 3.009
155 132 0.874 13.174 2.974
23 2 0.874 13.978 3.006
177 129 0.873 11.339 2.815
177 149 0.873 14.220 2.963
89 63 0.873 15.970 2.005
95 44 0.873 14.258 2.928
177 127 0.873 8.608 3.156
72 30 0.873 16.552 2.113
71 36 0.873 16.491 2.034
79 23 0.872 17.626 1.511
74 47 0.872 17.057 1.910
184 142 0.872 13.306 3.128
160 135 0.872 12.758 3.475
47 26 0.872 15.054 2.412
153 132 0.872 14.252 2.938
155 131 0.872 12.289 3.634
180 143 0.872 13.265 3.368
78 64 0.872 17.112 1.879
167 131 0.871 13.293 3.057
97 44 0.871 14.710 3.028
85 41 0.871 16.867 1.829
159 139 0.870 14.264 2.928
95 31 0.870 14.550 2.841
85 40 0.870 17.369 1.548
180 144 0.870 12.300 3.421
88 49 0.870 14.163 2.997
177 133 0.869 13.046 2.836
82 65 0.869 16.301 2.070
117 101 0.868 12.108 3.636
180 142 0.868 12.912 3.282
70 49 0.868 16.552 2.013
188 166 0.867 15.390 2.818
26 9 0.867 16.276 2.069
100 68 0.867 13.598 3.249
182 146 0.867 15.154 2.591
45 24 0.867 13.934 2.838
160 138 0.866 14.119 3.104
157 139 0.866 15.312 2.624
175 130 0.866 13.860 2.477
92 28 0.866 16.911 1.828
96 53 0.866 16.594 2.050
90 51 0.866 11.906 2.657
188 170 0.865 15.987 2.349
96 30 0.865 14.771 2.759
96 72 0.865 15.860 2.475
44 19 0.865 14.741 2.663
177 126 0.865 9.862 3.220
116 103 0.865 13.262 3.490
29 6 0.865 13.988 3.190
159 134 0.865 9.932 4.037
78 45 0.864 17.676 1.487
158 136 0.864 14.037 2.909
89 52 0.863 13.882 2.543
191 158 0.863 14.066 3.276
37 22 0.863 17.202 1.757
169 156 0.863 16.657 2.108
171 130 0.863 13.877 2.621
98 74 0.862 15.089 2.917
178 129 0.862 13.655 2.792
178 127 0.862 10.721 2.994
174 126 0.861 9.716 3.174
90 53 0.861 11.042 3.598
170 136 0.861 13.744 3.454
88 57 0.861 14.778 2.823
49 23 0.861 11.275 3.874
172 130 0.860 13.706 2.578
48 19 0.860 11.074 3.692
169 130 0.860 13.173 2.874
170 158 0.860 16.745 2.184
174 128 0.860 11.988 2.640
187 174 0.859 16.721 1.846
80 68 0.859 18.086 1.479
102 67 0.859 13.400 3.301
101 70 0.859 11.906 4.094
174 127 0.859 8.051 3.135
65 37 0.859 15.261 2.634
158 138 0.859 14.966 2.743
173 126 0.859 10.482 2.891
83 21 0.858 17.666 1.445
151 134 0.858 14.774 2.917
173 127 0.858 8.063 3.265
170 129 0.858 12.889 2.489
88 50 0.858 14.721 2.562
102 64 0.858 15.392 2.769
113 100 0.857 11.975 3.659
166 134 0.857 13.325 3.533
173 128 0.857 11.429 2.786
48 20 0.857 12.084 3.268
167 152 0.857 15.453 2.416
175 150 0.857 14.598 2.670
29 7 0.856 15.233 2.672
183 146 0.856 15.601 2.507
93 75 0.856 16.576 1.964
173 135 0.856 14.366 3.073
82 24 0.856 18.161 1.144
22 2 0.855 12.951 3.482
90 55 0.855 13.062 3.468
101 69 0.855 13.020 3.755
189 163 0.854 14.702 3.078
177 165 0.854 18.617 1.017
94 67 0.854 16.977 1.798
90 17 0.854 15.883 2.703
89 54 0.854 12.888 3.141
177 134 0.854 13.910 3.062
26 3 0.854 14.171 3.050
29 5 0.853 14.262 3.004
68 37 0.853 16.789 1.958
176 150 0.853 16.018 2.329
170 157 0.852 16.144 2.356
176 129 0.852 14.676 2.597
23 11 0.852 16.422 2.209
184 143 0.852 13.116 3.487
170 127 0.852 8.304 3.487
48 22 0.852 13.688 3.022
89 17 0.851 16.130 2.611
131 119 0.851 16.886 2.080
29 4 0.851 13.279 3.352
45 22 0.851 15.275 2.367
90 56 0.850 13.631 3.466
178 128 0.850 13.904 2.529
27 10 0.850 15.239 2.661
179 131 0.850 13.747 2.576
170 135 0.849 14.243 3.247
81 60 0.849 15.863 2.203
102 65 0.849 15.134 2.911
46 21 0.849 13.336 2.384
28 2 0.849 11.240 3.928
83 64 0.849 16.228 2.124
173 136 0.849 14.012 3.457
160 134 0.848 11.892 3.593
42 25 0.848 16.742 1.857
92 17 0.848 16.198 2.432
96 78 0.848 16.473 2.230
169 132 0.848 13.914 3.021
16 3 0.848 13.826 3.271
90 28 0.848 17.202 1.750
173 123 0.847 10.733 3.098
180 147 0.847 13.428 3.227
73 33 0.847 17.064 1.868
157 135 0.846 12.633 3.585
67 50 0.846 18.524 1.104
177 123 0.846 10.886 3.460
47 19 0.845 12.860 3.094
176 152 0.845 16.600 2.002
49 27 0.845 14.446 2.985
174 149 0.845 14.727 2.848
176 126 0.845 13.105 2.538
177 124 0.844 13.012 2.754
18 3 0.844 13.900 3.333
114 100 0.844 12.491 3.721
96 24 0.844 16.199 2.315
80 60 0.844 16.375 2.037
182 131 0.843 13.469 3.532
100 73 0.843 13.502 3.446
97 75 0.843 16.106 2.361
77 32 0.843 17.718 1.550
180 131 0.843 13.872 2.974
59 46 0.843 17.419 1.629
180 145 0.842 12.929 3.678
176 127 0.842 11.376 2.520
189 167 0.842 15.573 2.710
87 35 0.842 16.881 1.883
87 38 0.841 16.559 2.030
177 125 0.841 13.147 2.578
178 132 0.841 14.371 2.765
101 47 0.841 14.327 2.996
84 51 0.841 14.576 2.698
176 132 0.840 14.661 2.440
178 126 0.840 10.845 3.411
100 48 0.840 15.328 2.681
76 28 0.840 17.454 1.689
84 46 0.839 14.930 2.897
95 58 0.839 16.984 1.935
27 2 0.839 13.429 3.353
49 19 0.839 11.523 3.726
81 43 0.839 17.592 1.500
64 40 0.839 16.554 2.030
174 123 0.839 9.767 3.436
118 101 0.839 11.857 3.762
95 41 0.838 14.606 3.015
168 131 0.838 14.374 2.408
180 141 0.838 14.144 3.057
48 26 0.838 15.077 2.648
83 20 0.838 17.771 1.488
28 10 0.837 14.968 2.868
81 49 0.837 15.009 2.846
45 28 0.837 16.246 2.203
170 128 0.837 11.782 2.924
175 126 0.837 13.414 2.503
179 127 0.836 13.477 2.596
157 134 0.836 11.856 3.755
79 61 0.836 16.588 1.959
97 78 0.835 15.955 2.540
173 122 0.835 13.844 2.637
169 134 0.835 13.967 3.198
183 140 0.835 13.921 3.276
65 38 0.835 15.823 2.420
173 125 0.835 13.482 2.371
47 20 0.835 13.363 2.798
41 21 0.835 16.901 1.752
77 48 0.834 16.164 2.328
115 100 0.834 12.945 3.712
189 161 0.834 15.085 3.144
174 134 0.833 14.959 2.949
99 71 0.833 15.353 2.813
96 54 0.833 15.983 2.471
31 8 0.833 14.151 3.072
98 41 0.832 14.408 3.052
166 130 0.832 14.148 3.186
179 148 0.832 13.515 3.272
176 128 0.832 14.771 2.360
184 140 0.832 13.479 3.296
83 60 0.832 16.671 2.002
80 47 0.831 16.563 2.170
100 46 0.831 14.815 2.962
178 148 0.831 14.124 3.126
119 101 0.831 10.808 4.140
117 102 0.830 13.018 3.670
30 16 0.830 17.975 1.463
174 124 0.830 11.957 2.785
72 48 0.830 17.343 1.765
150 137 0.829 16.706 1.953
89 31 0.829 17.931 1.347
95 37 0.829 14.843 2.940
173 124 0.829 12.487 2.730
173 150 0.829 16.353 2.196
158 135 0.829 12.793 3.403
91 77 0.828 16.447 2.338
45 20 0.828 14.448 2.637
26 2 0.828 13.898 3.141
86 62 0.828 16.826 1.865
19 3 0.828 15.083 2.913
97 51 0.827 16.669 1.863
116 100 0.827 12.793 3.780
166 136 0.827 14.087 3.435
43 24 0.826 16.026 2.279
171 126 0.826 13.130 2.612
169 133 0.826 14.303 3.156
48 24 0.825 14.343 2.815
24 1 0.825 13.929 3.152
153 131 0.825 12.580 3.791
166 132 0.824 13.864 3.414
87 52 0.824 15.061 2.643
182 139 0.824 14.257 3.082
47 22 0.824 14.686 2.601
172 132 0.824 15.474 2.345
112 100 0.823 13.530 3.415
87 41 0.823 16.640 2.044
185 141 0.823 13.361 3.251
156 133 0.822 13.772 3.253
31 6 0.822 14.239 3.173
101 68 0.822 14.149 3.320
92 78 0.822 16.838 1.975
30 8 0.822 15.068 2.623
17 3 0.822 14.424 3.279
90 50 0.822 15.250 2.014
113 99 0.822 13.042 3.457
80 48 0.821 16.208 2.414
172 126 0.821 14.042 2.295
178 142 0.821 13.383 3.495
49 20 0.821 12.325 3.608
100 45 0.820 13.861 3.407
45 19 0.820 14.674 2.727
187 169 0.820 17.107 2.053
94 56 0.820 16.503 2.254
91 48 0.820 16.188 1.893
84 52 0.819 14.243 3.039
70 38 0.819 17.542 1.647
184 144 0.819 14.613 2.807
174 125 0.818 12.747 2.531
77 49 0.818 15.703 2.591
175 132 0.818 16.399 2.037
160 139 0.818 14.934 2.940
170 126 0.818 10.812 3.247
175 127 0.817 11.893 2.374
97 41 0.817 14.823 3.047
166 133 0.817 14.172 3.373
180 146 0.817 14.058 3.247
72 33 0.817 17.004 1.883
180 127 0.817 13.350 3.100
46 17 0.816 14.111 2.977
79 25 0.816 17.850 1.439
98 60 0.816 16.971 2.017
47 24 0.816 14.642 2.625
170 123 0.815 10.447 4.057
82 62 0.815 17.062 1.848
84 50 0.815 14.775 2.846
116 104 0.815 13.998 3.552
188 171 0.814 16.487 2.259
97 30 0.814 14.171 3.388
177 122 0.813 13.345 3.039
45 25 0.813 16.345 2.107
100 62 0.813 16.746 2.166
89 51 0.813 13.898 2.643
21 1 0.812 13.337 3.250
89 53 0.811 13.191 3.129
175 128 0.811 15.571 2.124
171 127 0.811 10.864 2.638
177 142 0.811 13.746 3.405
179 130 0.810 14.655 2.666
114 99 0.810 12.891 3.788
46 18 0.809 14.395 2.572
116 99 0.809 12.260 4.090
169 127 0.808 11.464 3.161
174 122 0.808 12.474 3.303
86 59 0.808 15.839 2.553
177 141 0.808 14.138 3.219
88 34 0.808 16.869 2.058
74 34 0.808 17.673 1.605
176 123 0.808 13.528 2.595
166 152 0.807 16.343 2.243
115 99 0.807 12.816 3.886
166 135 0.807 14.176 3.493
119 99 0.806 11.905 3.895
172 152 0.806 17.266 1.874
178 123 0.804 11.166 3.784
118 102 0.804 13.078 3.583
174 136 0.804 14.592 3.258
171 129 0.804 15.753 2.211
29 3 0.804 13.248 3.568
170 137 0.804 14.510 3.331
172 129 0.803 15.986 2.124
159 133 0.802 12.575 3.568
174 141 0.802 13.874 3.409
77 23 0.802 17.058 1.966
63 40 0.802 15.847 2.428
117 103 0.801 14.162 3.443
158 134 0.801 11.869 3.736
175 123 0.801 13.290 2.664
171 132 0.801 15.838 2.411
166 127 0.801 12.556 3.410
179 126 0.801 13.740 2.894
99 72 0.801 15.815 2.690
